 -2147483648           4           8          14           1          10          13           9           2           7           5          12          11           6           3
           4 -2147483648           5           9           0           2          11          14          10           3           8           6          13          12           7
           8           5 -2147483648           6          10           1           3          12           0          11           4           9           7          14          13
          14           9           6 -2147483648           7          11           2           4          13           1          12           5          10           8           0
           1           0          10           7 -2147483648           8          12           3           5          14           2          13           6          11           9
          10           2           1          11           8 -2147483648           9          13           4           6           0           3          14           7          12
          13          11           3           2          12           9 -2147483648          10          14           5           7           1           4           0           8
           9          14          12           4           3          13          10 -2147483648          11           0           6           8           2           5           1
           2          10           0          13           5           4          14          11 -2147483648          12           1           7           9           3           6
           7           3          11           1          14           6           5           0          12 -2147483648          13           2           8          10           4
           5           8           4          12           2           0           7           6           1          13 -2147483648          14           3           9          11
          12           6           9           5          13           3           1           8           7           2          14 -2147483648           0           4          10
          11          13           7          10           6          14           4           2           9           8           3           0 -2147483648           1           5
           6          12          14           8          11           7           0           5           3          10           9           4           1 -2147483648           2
           3           7          13           0           9          12           8           1           6           4          11          10           5           2 -2147483648
